v_vec = [
0
0.472737
0.612506
0.618127
0.5697
0.499497
0.420522
0.338012
0.254078
0.169571
0.0848319
0
]

u_vec = [
0
0.506205
0.655869
0.661888
0.610032
0.53486
0.450293
0.361942
0.272066
0.181576
0.0908377
-1.05134e-16
]

x_vec = [
0
0.0909091
0.181818
0.272727
0.363636
0.454545
0.545455
0.636364
0.727273
0.818182
0.909091
1
]

